0 5 2.0
0 24 2.0
0 52 3.0
0 56 5.0
0 72 4.0
0 95 2.0
1 1 4.0
1 14 4.0
1 15 5.0
1 26 1.0
1 37 4.0
1 47 4.0
1 62 5.0
1 70 4.0
2 5 4.0
2 29 3.0
2 36 4.0
2 44 2.0
2 47 5.0
2 55 3.0
2 76 4.0
2 87 4.0
2 93 3.0
2 95 4.0
3 16 3.0
3 38 3.0
3 60 3.0
3 90 5.0
3 94 5.0
3 98 4.0
4 4 5.0
4 11 4.0
4 36 5.0
4 45 4.0
4 47 2.0
4 53 5.0
4 64 5.0
4 90 2.0
5 20 4.0
5 29 5.0
5 43 4.0
5 74 5.0
5 98 3.0
6 2 3.0
6 5 4.0
6 17 5.0
6 35 1.0
6 42 5.0
6 60 5.0
6 61 5.0
6 65 1.0
6 95 3.0
7 11 3.0
7 44 3.0
7 68 1.0
7 83 4.0
7 87 4.0
8 2 4.0
8 78 5.0
8 79 1.0
8 82 3.0
8 83 4.0
8 91 4.0
9 33 3.0
9 57 5.0
9 61 5.0
9 72 3.0
9 81 4.0
9 81 5.0
9 94 3.0
9 95 5.0
9 96 3.0
10 4 3.0
10 26 1.0
10 27 2.0
10 45 5.0
10 47 5.0
10 65 3.0
10 72 4.0
10 95 3.0
11 8 4.0
11 14 5.0
11 30 5.0
11 48 5.0
11 59 4.0
11 62 5.0
11 90 4.0
11 95 1.0
11 96 5.0
11 99 4.0
12 17 3.0
12 24 3.0
12 53 4.0
12 56 4.0
12 60 5.0
12 95 3.0
12 98 5.0
13 12 1.0
13 12 4.0
13 24 3.0
13 44 5.0
13 71 1.0
13 73 5.0
13 89 5.0
14 2 4.0
14 22 5.0
14 25 2.0
14 39 4.0
14 77 1.0
14 77 4.0
14 78 2.0
14 82 5.0
15 46 3.0
15 66 4.0
15 69 2.0
15 69 5.0
15 88 4.0
15 93 3.0
15 94 2.0
15 99 2.0
16 23 5.0
16 32 5.0
16 36 4.0
16 42 5.0
16 56 4.0
16 69 3.0
17 2 4.0
17 17 5.0
17 31 3.0
17 72 2.0
17 75 4.0
17 76 4.0
17 85 2.0
17 93 2.0
17 99 2.0
18 12 5.0
18 22 5.0
18 32 2.0
18 35 5.0
18 36 3.0
18 41 4.0
18 43 5.0
18 53 3.0
18 58 4.0
18 72 4.0
18 74 5.0
18 84 4.0
18 94 3.0
18 97 5.0
19 1 4.0
19 9 4.0
19 16 5.0
19 34 5.0
19 42 5.0
19 55 2.0
19 56 5.0
19 59 4.0
19 60 4.0
19 61 4.0
19 72 4.0
19 78 3.0
19 81 4.0
19 92 4.0
19 97 4.0
20 7 3.0
20 24 3.0
20 28 4.0
20 29 2.0
20 48 4.0
20 55 5.0
20 64 5.0
20 65 2.0
20 66 4.0
20 69 3.0
20 82 5.0
20 83 4.0
20 95 2.0
20 97 4.0
21 3 4.0
21 5 5.0
21 22 2.0
21 31 4.0
21 35 2.0
21 44 5.0
21 60 4.0
21 62 4.0
21 90 2.0
21 96 4.0
21 98 5.0
22 0 5.0
22 9 5.0
22 12 4.0
22 29 3.0
22 34 5.0
22 46 4.0
22 48 4.0
22 49 5.0
22 51 5.0
22 68 4.0
22 77 5.0
23 17 2.0
23 17 3.0
23 23 5.0
23 37 4.0
23 49 5.0
23 50 5.0
23 58 4.0
23 62 5.0
23 63 5.0
23 65 3.0
23 80 5.0
23 88 5.0
23 91 3.0
23 93 5.0
24 7 4.0
24 14 4.0
24 16 4.0
24 31 5.0
24 32 3.0
24 65 3.0
24 69 4.0
24 72 3.0
24 82 5.0
24 90 4.0
24 95 4.0
24 98 3.0
25 1 2.0
25 6 4.0
25 37 5.0
25 48 5.0
25 50 5.0
25 51 4.0
25 56 3.0
25 60 4.0
25 69 3.0
25 73 5.0
25 78 2.0
25 82 5.0
25 97 5.0
26 9 1.0
26 13 5.0
26 23 4.0
26 27 2.0
26 29 5.0
26 48 2.0
26 50 5.0
26 75 3.0
26 84 3.0
26 94 3.0
27 1 3.0
27 14 4.0
27 20 4.0
27 21 5.0
27 22 3.0
27 40 5.0
27 53 5.0
27 67 3.0
27 76 4.0
27 95 2.0
28 3 4.0
28 33 4.0
28 52 5.0
28 71 4.0
28 83 5.0
28 96 5.0
28 97 5.0
29 20 5.0
29 29 3.0
29 31 5.0
29 47 5.0
29 52 5.0
29 58 1.0
29 59 3.0
29 65 5.0
29 73 5.0
29 75 3.0
29 88 2.0
29 93 4.0
30 5 3.0
30 11 5.0
30 18 3.0
30 32 5.0
30 51 2.0
30 54 2.0
30 81 3.0
30 94 4.0
30 94 5.0
30 95 4.0
31 2 4.0
31 6 3.0
31 30 3.0
31 39 4.0
31 43 4.0
31 44 5.0
31 50 4.0
31 71 5.0
31 72 4.0
31 85 3.0
32 2 2.0
32 24 3.0
32 28 2.0
32 31 5.0
32 38 2.0
32 38 4.0
32 42 4.0
32 43 5.0
32 49 5.0
32 85 4.0
32 85 5.0
33 22 5.0
33 37 4.0
33 38 4.0
33 46 4.0
33 48 3.0
33 75 5.0
33 77 5.0
33 80 1.0
33 83 4.0
33 88 4.0
33 89 4.0
33 97 3.0
34 6 5.0
34 9 1.0
34 10 2.0
34 13 3.0
34 22 4.0
34 28 5.0
34 37 4.0
34 45 3.0
34 55 4.0
34 57 5.0
34 66 4.0
34 67 5.0
34 74 4.0
34 79 5.0
34 87 5.0
35 26 5.0
35 29 1.0
35 41 3.0
35 44 4.0
35 51 5.0
35 53 4.0
35 58 3.0
35 59 5.0
35 67 4.0
35 73 5.0
36 13 5.0
36 35 5.0
36 39 3.0
36 46 4.0
36 46 5.0
36 49 1.0
36 60 3.0
36 65 5.0
36 67 4.0
36 81 5.0
36 83 5.0
36 94 5.0
36 95 4.0
36 99 3.0
37 5 3.0
37 11 3.0
37 25 1.0
37 25 4.0
37 42 1.0
37 55 4.0
37 86 1.0
37 94 5.0
37 96 4.0
37 96 5.0
38 3 4.0
38 8 2.0
38 21 2.0
38 27 4.0
38 62 1.0
38 64 5.0
38 82 2.0
38 89 3.0
38 95 2.0
39 8 3.0
39 11 4.0
39 23 3.0
39 29 2.0
39 32 4.0
39 39 5.0
39 60 5.0
39 73 5.0
40 31 5.0
40 37 5.0
40 38 5.0
40 49 4.0
40 51 5.0
40 77 4.0
40 78 5.0
40 81 3.0
40 88 4.0
41 5 4.0
41 19 4.0
41 53 5.0
41 54 3.0
41 65 5.0
41 84 5.0
41 94 5.0
42 5 5.0
42 7 4.0
42 15 4.0
42 24 4.0
42 68 5.0
42 74 5.0
42 75 3.0
42 92 3.0
43 3 3.0
43 9 3.0
43 10 5.0
43 16 2.0
43 16 4.0
43 23 4.0
43 53 4.0
43 85 4.0
43 98 5.0
44 11 4.0
44 22 3.0
44 49 5.0
44 64 2.0
44 72 1.0
44 77 2.0
44 88 5.0
45 20 3.0
45 28 4.0
45 35 4.0
45 37 2.0
45 71 3.0
46 1 4.0
46 7 5.0
46 14 3.0
46 20 4.0
46 33 5.0
46 38 4.0
46 42 5.0
46 65 4.0
47 16 4.0
47 20 5.0
47 23 3.0
47 33 1.0
47 37 4.0
47 60 2.0
47 61 4.0
47 73 1.0
47 74 4.0
47 87 4.0
48 4 5.0
48 14 4.0
48 19 5.0
48 21 3.0
48 25 5.0
48 61 4.0
48 64 5.0
48 70 2.0
48 72 2.0
48 91 4.0
48 91 5.0
49 9 1.0
49 30 5.0
49 42 4.0
49 46 5.0
49 57 4.0
49 57 5.0
49 60 2.0
49 62 3.0
50 3 3.0
50 15 4.0
50 19 5.0
50 23 3.0
50 31 5.0
50 49 4.0
50 50 5.0
50 96 5.0
51 18 5.0
51 19 3.0
51 19 5.0
51 34 3.0
51 40 4.0
51 41 4.0
51 45 4.0
51 58 4.0
51 69 5.0
51 71 5.0
51 79 5.0
51 90 5.0
51 99 4.0
52 3 4.0
52 10 5.0
52 11 5.0
52 14 5.0
52 28 4.0
52 50 3.0
52 62 5.0
53 32 4.0
53 34 4.0
53 38 4.0
53 41 2.0
53 66 4.0
53 69 3.0
53 81 5.0
53 86 5.0
53 88 3.0
53 91 5.0
53 99 5.0
54 8 3.0
54 24 3.0
54 27 2.0
54 37 4.0
54 65 1.0
54 74 5.0
54 75 2.0
54 78 5.0
54 79 2.0
55 23 3.0
55 25 2.0
55 38 1.0
55 50 4.0
55 56 3.0
55 57 5.0
55 61 3.0
55 91 3.0
56 0 5.0
56 15 2.0
56 29 3.0
56 31 5.0
56 33 5.0
56 36 2.0
56 55 5.0
56 61 3.0
56 73 5.0
56 74 5.0
56 92 3.0
56 96 2.0
57 9 3.0
57 12 5.0
57 23 3.0
57 51 4.0
57 63 5.0
57 64 2.0
57 65 4.0
57 74 4.0
58 2 5.0
58 3 5.0
58 18 2.0
58 31 3.0
58 39 2.0
58 55 4.0
58 57 4.0
58 77 4.0
58 97 5.0
59 10 4.0
59 14 4.0
59 16 5.0
59 29 1.0
59 38 5.0
59 46 4.0
59 47 4.0
59 58 5.0
59 67 4.0
59 68 3.0
59 85 5.0
59 89 4.0
60 13 4.0
60 31 4.0
60 36 4.0
60 44 5.0
60 46 2.0
60 64 5.0
60 76 5.0
61 14 5.0
61 15 5.0
61 36 5.0
61 51 5.0
61 52 3.0
61 53 5.0
61 54 3.0
61 87 3.0
61 92 4.0
62 17 2.0
62 36 3.0
62 40 2.0
62 62 5.0
62 72 3.0
62 80 4.0
62 85 5.0
62 94 2.0
62 95 3.0
63 2 2.0
63 3 2.0
63 6 5.0
63 10 5.0
63 23 4.0
63 51 5.0
63 55 3.0
63 59 2.0
63 70 5.0
63 76 3.0
63 88 3.0
63 94 3.0
64 6 5.0
64 18 5.0
64 26 4.0
64 36 5.0
64 39 4.0
64 61 3.0
64 64 5.0
64 67 5.0
64 96 5.0
64 98 5.0
65 52 4.0
65 55 4.0
65 64 5.0
65 67 3.0
65 72 4.0
65 91 1.0
65 95 5.0
65 99 5.0
66 28 5.0
66 31 2.0
66 37 4.0
66 40 3.0
66 51 5.0
66 61 2.0
66 68 5.0
66 72 2.0
66 81 1.0
66 84 4.0
66 95 2.0
67 14 2.0
67 32 3.0
67 44 1.0
67 50 2.0
67 52 5.0
67 62 4.0
67 64 4.0
67 67 3.0
67 85 3.0
67 88 2.0
68 7 3.0
68 10 2.0
68 19 5.0
68 20 5.0
68 24 5.0
68 27 3.0
68 57 1.0
68 76 2.0
68 85 5.0
68 86 3.0
68 97 1.0
69 3 5.0
69 35 4.0
69 44 5.0
69 46 5.0
69 49 4.0
69 64 5.0
69 79 2.0
69 83 5.0
69 91 4.0
69 93 5.0
69 95 5.0
70 5 3.0
70 10 3.0
70 27 5.0
70 31 5.0
70 44 3.0
70 61 3.0
70 70 4.0
70 87 4.0
70 95 4.0
71 12 5.0
71 15 3.0
71 19 5.0
71 22 4.0
71 23 4.0
71 33 2.0
71 43 5.0
71 47 3.0
71 56 2.0
71 64 5.0
71 67 2.0
71 87 5.0
71 89 3.0
72 1 5.0
72 28 3.0
72 33 3.0
72 33 5.0
72 36 5.0
72 47 5.0
72 51 4.0
72 61 4.0
72 66 4.0
72 67 3.0
72 67 4.0
72 69 3.0
72 71 1.0
72 72 2.0
72 76 3.0
72 83 4.0
72 86 5.0
72 93 1.0
73 7 5.0
73 9 3.0
73 11 5.0
73 20 2.0
73 43 5.0
73 58 3.0
73 63 5.0
73 64 3.0
73 74 5.0
73 75 5.0
73 88 4.0
73 96 2.0
73 99 3.0
74 1 4.0
74 21 4.0
74 21 5.0
74 35 2.0
74 49 5.0
74 50 2.0
74 50 5.0
74 60 4.0
74 70 4.0
74 80 5.0
74 88 5.0
74 97 1.0
75 6 2.0
75 8 5.0
75 20 5.0
75 21 4.0
75 32 5.0
75 34 4.0
75 34 5.0
75 65 1.0
75 78 3.0
75 80 2.0
75 83 3.0
75 88 5.0
75 96 2.0
75 96 4.0
76 2 5.0
76 6 1.0
76 10 4.0
76 10 5.0
76 18 5.0
76 19 3.0
76 30 5.0
76 36 3.0
76 44 5.0
76 59 5.0
76 77 3.0
76 77 5.0
76 84 3.0
76 90 5.0
76 96 3.0
77 14 4.0
77 16 4.0
77 17 2.0
77 24 3.0
77 31 5.0
77 37 3.0
77 39 1.0
77 41 4.0
77 43 4.0
77 45 5.0
77 51 5.0
77 57 4.0
77 64 4.0
77 75 4.0
78 1 5.0
78 7 5.0
78 9 4.0
78 12 3.0
78 30 4.0
78 33 5.0
78 37 5.0
78 63 4.0
78 68 4.0
78 80 5.0
79 19 2.0
79 19 5.0
79 26 5.0
79 28 2.0
79 57 4.0
79 58 5.0
79 64 3.0
79 67 3.0
79 70 1.0
79 82 4.0
80 3 5.0
80 5 4.0
80 9 4.0
80 15 3.0
80 28 5.0
80 29 5.0
80 34 2.0
80 53 4.0
80 58 4.0
80 71 5.0
80 73 5.0
80 74 5.0
80 82 4.0
80 91 3.0
81 8 3.0
81 9 4.0
81 13 4.0
81 24 3.0
81 26 5.0
81 42 4.0
81 53 5.0
81 59 5.0
81 67 4.0
81 72 5.0
81 88 2.0
81 94 5.0
82 19 5.0
82 24 3.0
82 36 5.0
82 46 5.0
82 56 5.0
82 58 5.0
82 75 4.0
82 89 4.0
82 92 5.0
82 95 4.0
83 40 4.0
83 49 4.0
83 63 3.0
83 66 5.0
83 85 4.0
83 98 4.0
83 99 3.0
84 14 5.0
84 17 4.0
84 17 5.0
84 26 5.0
84 27 4.0
84 31 4.0
84 48 3.0
84 63 5.0
84 72 5.0
84 73 5.0
85 20 5.0
85 21 4.0
85 24 3.0
85 47 5.0
85 48 5.0
86 7 3.0
86 7 5.0
86 8 2.0
86 8 5.0
86 9 5.0
86 21 3.0
86 63 3.0
86 65 1.0
86 80 4.0
86 82 5.0
87 0 3.0
87 8 4.0
87 8 5.0
87 11 4.0
87 13 4.0
87 24 5.0
87 38 1.0
87 43 4.0
87 46 4.0
87 47 3.0
87 55 1.0
87 69 4.0
87 92 4.0
88 13 5.0
88 25 3.0
88 38 3.0
88 61 5.0
88 73 4.0
88 74 2.0
88 76 4.0
88 78 4.0
88 80 4.0
88 91 4.0
89 6 5.0
89 13 3.0
89 14 4.0
89 25 3.0
89 36 5.0
89 37 4.0
89 48 5.0
89 61 5.0
89 75 5.0
89 77 2.0
89 81 5.0
89 91 3.0
89 98 4.0
90 6 3.0
90 8 4.0
90 16 5.0
90 18 5.0
90 29 3.0
90 30 4.0
90 49 3.0
90 61 2.0
90 64 3.0
90 69 5.0
90 75 3.0
90 93 1.0
91 2 5.0
91 10 3.0
91 25 4.0
91 47 3.0
91 53 2.0
91 58 5.0
91 62 5.0
91 64 1.0
91 75 2.0
91 79 4.0
91 86 5.0
91 89 5.0
91 95 5.0
91 98 5.0
92 3 2.0
92 17 5.0
92 27 5.0
92 39 5.0
92 52 5.0
92 63 3.0
92 67 4.0
92 72 5.0
92 74 4.0
92 86 3.0
92 89 4.0
92 90 3.0
92 96 3.0
92 97 5.0
93 6 2.0
93 12 4.0
93 18 5.0
93 59 4.0
93 70 5.0
93 93 2.0
94 8 2.0
94 9 4.0
94 15 4.0
94 17 4.0
94 20 4.0
94 44 5.0
94 60 4.0
94 60 5.0
94 67 2.0
94 79 4.0
94 82 4.0
94 87 4.0
94 91 4.0
95 1 3.0
95 3 4.0
95 4 5.0
95 18 5.0
95 27 5.0
95 28 3.0
95 33 1.0
96 7 2.0
96 7 4.0
96 37 5.0
96 40 3.0
96 47 4.0
96 64 4.0
96 80 5.0
96 84 3.0
96 87 2.0
96 90 4.0
97 3 3.0
97 7 4.0
97 20 3.0
97 29 3.0
97 31 5.0
97 55 4.0
97 70 4.0
97 87 4.0
98 17 3.0
98 26 3.0
98 26 4.0
98 44 2.0
98 45 5.0
98 54 1.0
98 89 5.0
99 7 4.0
99 12 5.0
99 17 5.0
99 19 2.0
99 23 5.0
99 26 5.0
99 31 4.0
99 45 2.0
99 47 3.0
99 48 3.0
99 73 3.0
99 78 3.0
99 88 5.0
